 NUMERO DE PATAMARES
 XX
  3
ANO   DURACAO MENSAL DOS PATAMARES DE CARGA
      JAN     FEV     MAR     ABR     MAI     JUN     JUL     AGO     SET     OUT     NOV     DEZ   
      X.XXXX  X.XXXX  X.XXXX  X.XXXX  X.XXXX  X.XXXX  X.XXXX  X.XXXX  X.XXXX  X.XXXX  X.XXXX  X.XXXX
2020  0.2366  0.2184  0.2366  0.2778  0.3226  0.3500  0.3710  0.3387  0.2917  0.2823  0.2222  0.2366  
      0.2728  0.2615  0.2728  0.2222  0.1935  0.1958  0.1976  0.1949  0.2250  0.2231  0.2639  0.2728  
      0.4906  0.5201  0.4906  0.5000  0.4839  0.4542  0.4314  0.4664  0.4833  0.4946  0.5139  0.4906  
2021  0.2151  0.2262  0.2473  0.2778  0.3387  0.3500  0.3548  0.3548  0.2917  0.2688  0.2222  0.2473  
      0.2594  0.2664  0.2796  0.2222  0.1949  0.1958  0.1962  0.1962  0.2250  0.2204  0.2639  0.2796  
      0.5255  0.5074  0.4731  0.5000  0.4664  0.4542  0.4490  0.4490  0.4833  0.5108  0.5139  0.4731  
2022  0.2258  0.2381  0.2366  0.2639  0.3548  0.3500  0.3387  0.3710  0.2917  0.2688  0.2222  0.2366  
      0.2661  0.2738  0.2728  0.2194  0.1962  0.1958  0.1949  0.1976  0.2250  0.2204  0.2639  0.2728  
      0.5081  0.4881  0.4906  0.5167  0.4490  0.4542  0.4664  0.4314  0.4833  0.5108  0.5139  0.4906  
2023  0.2366  0.2262  0.2473  0.2500  0.3548  0.3500  0.3387  0.3710  0.2778  0.2823  0.2222  0.2151  
      0.2728  0.2664  0.2796  0.2167  0.1962  0.1958  0.1949  0.1976  0.2222  0.2231  0.2639  0.2594  
      0.4906  0.5074  0.4731  0.5333  0.4490  0.4542  0.4664  0.4314  0.5000  0.4946  0.5139  0.5255  
2024  0.2366  0.2299  0.2151  0.3056  0.3387  0.3333  0.3710  0.3548  0.2917  0.3091  0.2222  0.2258  
      0.2728  0.2687  0.2594  0.2278  0.1949  0.1944  0.1976  0.1962  0.2250  0.2285  0.2639  0.2661  
      0.4906  0.5014  0.5255  0.4666  0.4664  0.4723  0.4314  0.4490  0.4833  0.4624  0.5139  0.5081  
 SUBSISTEMA
 XXX
    ANO                       CARGA(P.U.DEMANDA MED.)
   XXXX X.XXXX X.XXXX X.XXXX X.XXXX X.XXXX X.XXXX X.XXXX X.XXXX X.XXXX X.XXXX X.XXXX X.XXXX
   1
   2020 1.1492 1.1557 1.1522 1.1612 1.1666 1.1612 1.1530 1.1632 1.1598 1.1531 1.1623 1.1494
        1.0664 1.0728 1.0827 1.0836 1.0613 1.0547 1.0459 1.0586 1.0861 1.0794 1.0849 1.0772
        0.8911 0.8980 0.8806 0.8733 0.8644 0.8522 0.8474 0.8570 0.8635 0.8768 0.8862 0.8850
   2021 1.1596 1.1538 1.1453 1.1612 1.1638 1.1607 1.1561 1.1600 1.1603 1.1608 1.1623 1.1447
        1.0743 1.0717 1.0781 1.0833 1.0563 1.0544 1.0515 1.0532 1.0865 1.0843 1.0849 1.0741
        0.8980 0.8938 0.8779 0.8734 0.8575 0.8527 0.8541 0.8503 0.8630 0.8790 0.8862 0.8806
   2022 1.1564 1.1480 1.1512 1.1654 1.1567 1.1607 1.1632 1.1529 1.1599 1.1604 1.1623 1.1452
        1.0721 1.0676 1.0820 1.0872 1.0498 1.0544 1.0583 1.0466 1.0864 1.0852 1.0849 1.0744
        0.8927 0.8899 0.8815 0.8785 0.8544 0.8527 0.8571 0.8472 0.8633 0.8788 0.8862 0.8886
   2023 1.1497 1.1538 1.1448 1.1735 1.1560 1.1603 1.1638 1.1521 1.1635 1.1570 1.1623 1.1574
        1.0673 1.0717 1.0775 1.0925 1.0496 1.0547 1.0585 1.0465 1.0899 1.0827 1.0849 1.0836
        0.8904 0.8938 0.8785 0.8811 0.8550 0.8529 0.8566 0.8479 0.8692 0.8731 0.8862 0.8943
   2024 1.1494 1.1519 1.1619 1.1481 1.1620 1.1676 1.1537 1.1551 1.1643 1.1464 1.1623 1.1554
        1.0668 1.0705 1.0884 1.0742 1.0559 1.0614 1.0462 1.0517 1.0890 1.0751 1.0849 1.0824
        0.8908 0.8926 0.8901 0.8668 0.8590 0.8564 0.8467 0.8548 0.8594 0.8650 0.8862 0.8878
   2
   2020 1.2202 1.2242 1.2246 1.2218 1.2148 1.2018 1.1904 1.2062 1.2070 1.2089 1.2344 1.2121
        1.0646 1.0685 1.0858 1.0884 1.0870 1.0858 1.0755 1.0868 1.1001 1.0968 1.1004 1.0808
        0.8579 0.8714 0.8440 0.8375 0.8220 0.8075 0.8017 0.8140 0.8285 0.8371 0.8471 0.8528
   2021 1.2377 1.2206 1.2139 1.2220 1.2092 1.2009 1.1964 1.2003 1.2074 1.2214 1.2344 1.2048
        1.0756 1.0670 1.0788 1.0886 1.0827 1.0853 1.0802 1.0819 1.1006 1.1038 1.1004 1.0767
        0.8654 0.8665 0.8416 0.8373 0.8135 0.8084 0.8097 0.8059 0.8280 0.8387 0.8471 0.8476
   2022 1.2322 1.2146 1.2230 1.2289 1.1979 1.2008 1.2075 1.1891 1.2070 1.2219 1.2344 1.2063
        1.0731 1.0635 1.0836 1.0927 1.0755 1.0855 1.0878 1.0742 1.1007 1.1052 1.1004 1.0765
        0.8585 0.8597 0.8460 0.8437 0.8106 0.8084 0.8126 0.8034 0.8282 0.8378 0.8471 0.8580
   2023 1.2213 1.2206 1.2134 1.2409 1.1972 1.2006 1.2088 1.1883 1.2135 1.2159 1.2344 1.2260
        1.0658 1.0670 1.0779 1.1001 1.0751 1.0854 1.0880 1.0740 1.1048 1.1022 1.1004 1.0896
        0.8567 0.8665 0.8424 0.8464 0.8113 0.8086 0.8116 0.8042 0.8348 0.8307 0.8471 0.8633
   2024 1.2207 1.2177 1.2402 1.2011 1.2060 1.2117 1.1917 1.1939 1.2133 1.1971 1.2344 1.2225
        1.0650 1.0651 1.0934 1.0765 1.0811 1.0922 1.0755 1.0788 1.1048 1.0913 1.1004 1.0878
        0.8574 0.8653 0.8556 0.8310 0.8165 0.8126 0.8006 0.8123 0.8225 0.8231 0.8471 0.8551
   3
   2020 1.1094 1.1097 1.0967 1.0992 1.0973 1.0867 1.0842 1.0948 1.0987 1.0995 1.1194 1.1033
        1.0395 1.0518 1.0611 1.0663 1.0483 1.0408 1.0378 1.0466 1.0619 1.0528 1.0488 1.0421
        0.9253 0.9279 0.9194 0.9154 0.9158 0.9156 0.9103 0.9117 0.9116 0.9194 0.9233 0.9268
   2021 1.1162 1.1089 1.0921 1.0990 1.0957 1.0863 1.0858 1.0931 1.0989 1.1040 1.1194 1.1007
        1.0465 1.0506 1.0573 1.0664 1.0448 1.0406 1.0414 1.0430 1.0621 1.0567 1.0488 1.0395
        0.9295 0.9249 0.9180 0.9155 0.9118 0.9160 0.9141 0.9076 0.9114 0.9208 0.9233 0.9240
   2022 1.1148 1.1033 1.0968 1.1012 1.0913 1.0862 1.0900 1.0885 1.0988 1.1042 1.1194 1.1001
        1.0441 1.0462 1.0612 1.0690 1.0404 1.0408 1.0458 1.0384 1.0620 1.0571 1.0488 1.0402
        0.9259 0.9237 0.9193 0.9190 0.9102 0.9160 0.9155 0.9063 0.9115 0.9205 0.9233 0.9294
   2023 1.1101 1.1089 1.0914 1.1062 1.0910 1.0859 1.0905 1.0881 1.1010 1.1021 1.1194 1.1080
        1.0398 1.0506 1.0569 1.0729 1.0402 1.0408 1.0459 1.0383 1.0645 1.0548 1.0488 1.0476
        0.9248 0.9249 0.9186 0.9206 0.9105 0.9162 0.9151 0.9067 0.9152 0.9170 0.9233 0.9323
   2024 1.1097 1.1079 1.1038 1.0900 1.0958 1.0909 1.0846 1.0898 1.1021 1.0958 1.1194 1.1077
        1.0396 1.0493 1.0667 1.0595 1.0446 1.0458 1.0379 1.0417 1.0638 1.0489 1.0488 1.0461
        0.9251 0.9241 0.9246 0.9120 0.9118 0.9170 0.9099 0.9108 0.9087 0.9118 0.9233 0.9280
   4
   2020 1.0469 1.0513 1.0518 1.0604 1.0649 1.0609 1.0449 1.0598 1.0556 1.0503 1.0521 1.0394
        1.0246 1.0361 1.0439 1.0464 1.0181 1.0104 1.0072 1.0100 1.0424 1.0328 1.0282 1.0234
        0.9637 0.9603 0.9506 0.9458 0.9495 0.9486 0.9581 0.9524 0.9467 0.9565 0.9630 0.9680
   2021 1.0514 1.0506 1.0483 1.0598 1.0637 1.0606 1.0465 1.0580 1.0560 1.0534 1.0521 1.0381
        1.0293 1.0353 1.0409 1.0463 1.0159 1.0102 1.0093 1.0077 1.0425 1.0350 1.0282 1.0211
        0.9645 0.9589 0.9506 0.9462 0.9471 0.9489 0.9592 0.9508 0.9464 0.9568 0.9630 0.9676
   2022 1.0505 1.0471 1.0511 1.0617 1.0601 1.0606 1.0495 1.0546 1.0556 1.0533 1.0521 1.0381
        1.0278 1.0323 1.0438 1.0475 1.0126 1.0102 1.0123 1.0045 1.0422 1.0353 1.0282 1.0218
        0.9630 0.9589 0.9510 0.9483 0.9470 0.9489 0.9589 0.9510 0.9468 0.9567 0.9630 0.9695
   2023 1.0473 1.0506 1.0477 1.0660 1.0597 1.0606 1.0499 1.0544 1.0577 1.0519 1.0521 1.0431
        1.0246 1.0353 1.0409 1.0504 1.0122 1.0102 1.0126 1.0044 1.0437 1.0348 1.0282 1.0271
        0.9635 0.9589 0.9509 0.9486 0.9475 0.9489 0.9585 0.9512 0.9485 0.9547 0.9630 0.9690
   2024 1.0469 1.0497 1.0562 1.0535 1.0635 1.0630 1.0453 1.0561 1.0580 1.0473 1.0521 1.0428
        1.0244 1.0346 1.0482 1.0419 1.0155 1.0137 1.0073 1.0068 1.0436 1.0309 1.0282 1.0261
        0.9638 0.9587 0.9532 0.9445 0.9474 0.9499 0.9577 0.9527 0.9447 0.9531 0.9630 0.9673
9999
 SUBSISTEMA
   A ->B
 XXX XXX
                             INTERCAMBIO(P.U.INTERC.MEDIO)
 X.XXXX X.XXXX X.XXXX X.XXXX X.XXXX X.XXXX X.XXXX X.XXXX X.XXXX X.XXXX X.XXXX X.XXXX
   1   2
   2020 1.0000 1.0000 1.0000 1.0000 1.0000 1.0000 1.0000 0.9507 0.9474 0.9681 0.9669 0.9683
        1.0000 1.0000 1.0000 1.0000 1.0000 1.0000 1.0000 1.0253 1.0217 0.9681 0.9669 0.9683
        1.0000 1.0000 1.0000 1.0000 1.0000 1.0000 1.0000 1.0253 1.0217 1.0326 1.0313 1.0329
   2021 0.9662 0.9673 0.9694 0.9677 0.9698 0.9706 0.9709 0.9709 0.9613 0.9592 0.9589 0.9621
        0.9662 0.9673 0.9694 0.9677 0.9698 0.9706 0.9709 0.9709 0.9613 0.9592 0.9589 0.9621
        1.0306 1.0318 1.0341 1.0323 1.0345 1.0353 1.0357 1.0357 1.0414 1.0391 1.0388 1.0422
   2022 0.9594 0.9609 0.9607 0.9493 0.9556 0.9551 0.9540 0.9573 0.9524 0.9498 0.9495 0.9517
        0.9594 0.9609 0.9607 0.9493 0.9556 0.9551 0.9540 0.9573 0.9524 0.9498 0.9495 0.9517
        1.0393 1.0410 1.0408 1.0475 1.0545 1.0539 1.0527 1.0563 1.0509 1.0481 1.0477 1.0502
   2023 0.9517 0.9501 0.9533 0.9477 0.9556 0.9551 0.9540 0.9573 0.9508 0.9513 0.9495 0.9484
        0.9517 0.9501 0.9533 0.9477 0.9556 0.9551 0.9540 0.9573 0.9508 0.9513 0.9495 0.9484
        1.0502 1.0484 1.0520 1.0458 1.0545 1.0539 1.0527 1.0563 1.0492 1.0497 1.0477 1.0466
   2024 0.9517 0.9507 0.9484 0.9540 0.9540 0.9534 0.9573 0.9556 0.9524 0.9543 0.9495 0.9501
        0.9517 0.9507 0.9484 0.9540 0.9540 0.9534 0.9573 0.9556 0.9524 0.9543 0.9495 0.9501
        1.0502 1.0490 1.0466 1.0526 1.0527 1.0520 1.0563 1.0545 1.0509 1.0531 1.0477 1.0483
   2   1
   2020 1.0000 1.0000 1.0000 1.0000 1.0000 1.0000 1.0000 1.1047 1.1085 0.9777 0.9768 0.9779
        1.0000 1.0000 1.0000 1.0000 1.0000 1.0000 1.0000 1.1200 1.1238 0.9777 0.9768 0.9779
        1.0000 1.0000 1.0000 1.0000 1.0000 1.0000 1.0000 0.8738 0.8769 1.0228 1.0219 1.0230
   2021 0.9763 0.9771 0.9786 0.9774 0.9789 0.9795 0.9797 0.9797 0.9843 0.9836 0.9831 0.9840
        0.9763 0.9771 0.9786 0.9774 0.9789 0.9795 0.9797 0.9797 0.9957 0.9950 0.9945 0.9954
        1.0214 1.0222 1.0238 1.0226 1.0241 1.0247 1.0249 1.0249 1.0115 1.0108 1.0102 1.0111
   2022 0.9832 0.9836 0.9836 0.9806 0.9831 0.9829 0.9824 0.9837 0.9818 0.9808 0.9807 0.9815
        0.9946 0.9951 0.9950 0.9806 0.9831 0.9829 0.9824 0.9837 0.9818 0.9808 0.9807 0.9815
        1.0103 1.0108 1.0107 1.0182 1.0208 1.0206 1.0201 1.0215 1.0195 1.0184 1.0183 1.0192
   2023 0.9815 0.9809 0.9822 0.9800 0.9831 0.9829 0.9824 0.9837 0.9812 0.9814 0.9807 0.9802
        0.9815 0.9809 0.9822 0.9800 0.9831 0.9829 0.9824 0.9837 0.9812 0.9814 0.9807 0.9802
        1.0192 1.0185 1.0198 1.0175 1.0208 1.0206 1.0201 1.0215 1.0188 1.0190 1.0183 1.0178
   2024 0.9815 0.9811 0.9802 0.9824 0.9824 0.9822 0.9837 0.9831 0.9818 0.9826 0.9807 0.9809
        0.9815 0.9811 0.9802 0.9824 0.9824 0.9822 0.9837 0.9831 0.9818 0.9826 0.9807 0.9809
        1.0192 1.0188 1.0178 1.0201 1.0201 1.0199 1.0215 1.0208 1.0195 1.0203 1.0183 1.0185
   1  11
   2020 1.0000 1.0000 1.0000 1.0000 1.0000 1.0000 1.0000 1.0000 1.0000 1.0000 1.0000 1.0000
        1.0000 1.0000 1.0000 1.0000 1.0000 1.0000 1.0000 1.0000 1.0000 1.0000 1.0000 1.0000
        1.0000 1.0000 1.0000 1.0000 1.0000 1.0000 1.0000 1.0000 1.0000 1.0000 1.0000 1.0000
   2021 1.0000 1.0000 1.0000 1.0000 1.0000 1.0000 1.0000 1.0000 1.0000 1.0000 1.0000 1.0000
        1.0000 1.0000 1.0000 1.0000 1.0000 1.0000 1.0000 1.0000 1.0000 1.0000 1.0000 1.0000
        1.0000 1.0000 1.0000 1.0000 1.0000 1.0000 1.0000 1.0000 1.0000 1.0000 1.0000 1.0000
   2022 1.0000 1.0000 1.0000 1.0000 1.0000 1.0000 1.0000 1.0000 1.0000 1.0000 1.0000 1.0000
        1.0000 1.0000 1.0000 1.0000 1.0000 1.0000 1.0000 1.0000 1.0000 1.0000 1.0000 1.0000
        1.0000 1.0000 1.0000 1.0000 1.0000 1.0000 1.0000 1.0000 1.0000 1.0000 1.0000 1.0000
   2023 1.0000 1.0000 1.0000 1.0000 1.0000 1.0000 1.0000 1.0000 1.0000 1.0000 1.0000 1.0000
        1.0000 1.0000 1.0000 1.0000 1.0000 1.0000 1.0000 1.0000 1.0000 1.0000 1.0000 1.0000
        1.0000 1.0000 1.0000 1.0000 1.0000 1.0000 1.0000 1.0000 1.0000 1.0000 1.0000 1.0000
   2024 1.0000 1.0000 1.0000 1.0000 1.0000 1.0000 1.0000 1.0000 1.0000 1.0000 1.0000 1.0000
        1.0000 1.0000 1.0000 1.0000 1.0000 1.0000 1.0000 1.0000 1.0000 1.0000 1.0000 1.0000
        1.0000 1.0000 1.0000 1.0000 1.0000 1.0000 1.0000 1.0000 1.0000 1.0000 1.0000 1.0000
  11   1
   2020 1.0000 1.0000 1.0000 1.0000 1.0000 1.0000 1.0000 1.0000 1.0000 1.0000 1.0000 1.0000
        1.0000 1.0000 1.0000 1.0000 1.0000 1.0000 1.0000 1.0000 1.0000 1.0000 1.0000 1.0000
        1.0000 1.0000 1.0000 1.0000 1.0000 1.0000 1.0000 1.0000 1.0000 1.0000 1.0000 1.0000
   2021 1.0000 1.0000 1.0000 1.0000 1.0000 1.0000 1.0000 1.0000 1.0000 1.0000 1.0000 1.0000
        1.0000 1.0000 1.0000 1.0000 1.0000 1.0000 1.0000 1.0000 1.0000 1.0000 1.0000 1.0000
        1.0000 1.0000 1.0000 1.0000 1.0000 1.0000 1.0000 1.0000 1.0000 1.0000 1.0000 1.0000
   2022 1.0000 1.0000 1.0000 1.0000 1.0000 1.0000 1.0000 1.0000 1.0000 1.0000 1.0000 1.0000
        1.0000 1.0000 1.0000 1.0000 1.0000 1.0000 1.0000 1.0000 1.0000 1.0000 1.0000 1.0000
        1.0000 1.0000 1.0000 1.0000 1.0000 1.0000 1.0000 1.0000 1.0000 1.0000 1.0000 1.0000
   2023 1.0000 1.0000 1.0651 1.0740 1.0573 1.0580 1.0596 1.0549 1.0642 1.0634 1.0711 1.0729
        1.0000 1.0000 1.0651 1.0740 1.0573 1.0580 1.0596 1.0549 1.0642 1.0634 1.0712 1.0729
        1.0000 1.0000 0.9275 0.9352 0.9297 0.9304 0.9318 0.9277 0.9358 0.9352 0.9327 0.9342
   2024 1.0677 1.0693 1.0729 1.0642 1.0596 1.0604 1.0549 1.0573 1.0619 1.0591 1.0711 1.0703
        1.0677 1.0693 1.0729 1.0642 1.0596 1.0604 1.0549 1.0573 1.0619 1.0591 1.0712 1.0703
        0.9297 0.9311 0.9342 0.9266 0.9318 0.9325 0.9277 0.9297 0.9338 0.9313 0.9327 0.9320
   3  11
   2020 1.0000 1.0000 1.0000 1.0000 1.0000 1.0000 1.0000 1.0000 1.0000 1.0000 1.0000 1.0000
        1.0000 1.0000 1.0000 1.0000 1.0000 1.0000 1.0000 1.0000 1.0000 1.0000 1.0000 1.0000
        1.0000 1.0000 1.0000 1.0000 1.0000 1.0000 1.0000 1.0000 1.0000 1.0000 1.0000 1.0000
   2021 1.0000 1.0000 1.0000 1.0000 1.0000 1.0000 1.0000 1.0000 1.0000 1.0000 1.0000 1.0000
        1.0000 1.0000 1.0000 1.0000 1.0000 1.0000 1.0000 1.0000 1.0000 1.0000 1.0000 1.0000
        1.0000 1.0000 1.0000 1.0000 1.0000 1.0000 1.0000 1.0000 1.0000 1.0000 1.0000 1.0000
   2022 1.0000 1.0000 1.0000 1.0000 1.0000 1.0000 1.0000 1.0000 1.0000 1.0000 1.0000 1.0000
        1.0000 1.0000 1.0000 1.0000 1.0000 1.0000 1.0000 1.0000 1.0000 1.0000 1.0000 1.0000
        1.0000 1.0000 1.0000 1.0000 1.0000 1.0000 1.0000 1.0000 1.0000 1.0000 1.0000 1.0000
   2023 1.0000 1.0000 1.0000 1.0000 1.0000 1.0000 1.0000 1.0000 1.0000 1.0000 1.0000 1.0000
        1.0000 1.0000 1.0000 1.0000 1.0000 1.0000 1.0000 1.0000 1.0000 1.0000 1.0000 1.0000
        1.0000 1.0000 1.0000 1.0000 1.0000 1.0000 1.0000 1.0000 1.0000 1.0000 1.0000 1.0000
   2024 1.0000 1.0000 1.0000 1.0000 1.0000 1.0000 1.0000 1.0000 1.0000 1.0000 1.0000 1.0000
        1.0000 1.0000 1.0000 1.0000 1.0000 1.0000 1.0000 1.0000 1.0000 1.0000 1.0000 1.0000
        1.0000 1.0000 1.0000 1.0000 1.0000 1.0000 1.0000 1.0000 1.0000 1.0000 1.0000 1.0000
  11   3
   2020 1.0000 1.0000 1.0000 1.0000 1.0000 1.0000 1.0000 1.0000 1.0000 1.0000 1.0000 1.0000
        1.0000 1.0000 1.0000 1.0000 1.0000 1.0000 1.0000 1.0000 1.0000 1.0000 1.0000 1.0000
        1.0000 1.0000 1.0000 1.0000 1.0000 1.0000 1.0000 1.0000 1.0000 1.0000 1.0000 1.0000
   2021 1.0000 1.0000 1.0000 1.0000 1.0000 1.0000 1.0000 1.0000 1.0000 1.0000 1.0000 1.0000
        1.0000 1.0000 1.0000 1.0000 1.0000 1.0000 1.0000 1.0000 1.0000 1.0000 1.0000 1.0000
        1.0000 1.0000 1.0000 1.0000 1.0000 1.0000 1.0000 1.0000 1.0000 1.0000 1.0000 1.0000
   2022 1.0000 1.0000 1.0000 1.0000 1.0000 1.0000 1.0000 1.0000 1.0000 1.0000 1.0000 1.0000
        1.0000 1.0000 1.0000 1.0000 1.0000 1.0000 1.0000 1.0000 1.0000 1.0000 1.0000 1.0000
        1.0000 1.0000 1.0000 1.0000 1.0000 1.0000 1.0000 1.0000 1.0000 1.0000 1.0000 1.0000
   2023 1.0000 1.0000 1.0000 1.0000 1.0000 1.0000 1.0000 1.0000 1.0000 1.0000 1.0000 1.0000
        1.0000 1.0000 1.0000 1.0000 1.0000 1.0000 1.0000 1.0000 1.0000 1.0000 1.0000 1.0000
        1.0000 1.0000 1.0000 1.0000 1.0000 1.0000 1.0000 1.0000 1.0000 1.0000 1.0000 1.0000
   2024 1.0000 1.0000 1.0000 1.0000 1.0000 1.0000 1.0000 1.0000 1.0000 1.0000 1.0000 1.0000
        1.0000 1.0000 1.0000 1.0000 1.0000 1.0000 1.0000 1.0000 1.0000 1.0000 1.0000 1.0000
        1.0000 1.0000 1.0000 1.0000 1.0000 1.0000 1.0000 1.0000 1.0000 1.0000 1.0000 1.0000
   4  11
   2020 1.0000 1.0000 1.0000 1.0000 1.0000 1.0000 1.0000 1.0000 1.0000 1.0000 1.0000 1.0000
        1.0000 1.0000 1.0000 1.0000 1.0000 1.0000 1.0000 1.0000 1.0000 1.0000 1.0000 1.0000
        1.0000 1.0000 1.0000 1.0000 1.0000 1.0000 1.0000 1.0000 1.0000 1.0000 1.0000 1.0000
   2021 1.0000 1.0000 1.0000 1.0000 1.0000 1.0000 1.0000 1.0000 1.0000 1.0000 1.0000 1.0000
        1.0000 1.0000 1.0000 1.0000 1.0000 1.0000 1.0000 1.0000 1.0000 1.0000 1.0000 1.0000
        1.0000 1.0000 1.0000 1.0000 1.0000 1.0000 1.0000 1.0000 1.0000 1.0000 1.0000 1.0000
   2022 1.0000 1.0000 1.0000 1.0000 1.0000 1.0000 1.0000 1.0000 1.0000 1.0000 1.0000 1.0000
        1.0000 1.0000 1.0000 1.0000 1.0000 1.0000 1.0000 1.0000 1.0000 1.0000 1.0000 1.0000
        1.0000 1.0000 1.0000 1.0000 1.0000 1.0000 1.0000 1.0000 1.0000 1.0000 1.0000 1.0000
   2023 1.0000 1.0000 1.0000 1.0000 1.0000 1.0000 1.0000 1.0000 1.0000 1.0000 1.0000 1.0000
        1.0000 1.0000 1.0000 1.0000 1.0000 1.0000 1.0000 1.0000 1.0000 1.0000 1.0000 1.0000
        1.0000 1.0000 1.0000 1.0000 1.0000 1.0000 1.0000 1.0000 1.0000 1.0000 1.0000 1.0000
   2024 1.0000 1.0000 1.0000 1.0000 1.0000 1.0000 1.0000 1.0000 1.0000 1.0000 1.0000 1.0000
        1.0000 1.0000 1.0000 1.0000 1.0000 1.0000 1.0000 1.0000 1.0000 1.0000 1.0000 1.0000
        1.0000 1.0000 1.0000 1.0000 1.0000 1.0000 1.0000 1.0000 1.0000 1.0000 1.0000 1.0000
  11   4
   2020 1.0000 1.0000 1.0000 1.0000 1.0000 1.0000 1.0000 1.0761 1.0705 1.0636 1.0660 1.0501
        1.0000 1.0000 1.0000 1.0000 1.0000 1.0000 1.0000 1.0127 1.0537 1.0414 1.0357 1.0297
        1.0000 1.0000 1.0000 1.0000 1.0000 1.0000 1.0000 0.9394 0.9325 0.9450 0.9531 0.9593
   2021 1.0652 1.0641 1.0608 1.0753 1.0803 1.0771 1.0590 1.0727 1.0701 1.0670 1.0655 1.0482
        1.0372 1.0447 1.0515 1.0583 1.0200 1.0130 1.0118 1.0097 1.0532 1.0439 1.0354 1.0267
        0.9549 0.9480 0.9377 0.9323 0.9333 0.9350 0.9482 0.9383 0.9330 0.9458 0.9535 0.9591
   2022 1.0634 1.0590 1.0637 1.0769 1.0750 1.0762 1.0621 1.0677 1.0688 1.0662 1.0648 1.0476
        1.0349 1.0404 1.0546 1.0592 1.0157 1.0128 1.0154 1.0056 1.0522 1.0438 1.0351 1.0272
        0.9536 0.9486 0.9389 0.9356 0.9339 0.9357 0.9484 0.9392 0.9342 0.9462 0.9540 0.9619
   2023 1.0589 1.0629 1.0590 1.0816 1.0739 1.0756 1.0622 1.0670 1.0709 1.0640 1.0643 1.0534
        1.0306 1.0439 1.0506 1.0623 1.0151 1.0127 1.0157 1.0054 1.0537 1.0429 1.0348 1.0336
        0.9546 0.9490 0.9393 0.9365 0.9350 0.9363 0.9483 0.9399 0.9367 0.9442 0.9543 0.9615
   2024 1.0579 1.0612 1.0689 1.0655 1.0779 1.0779 1.0559 1.0685 1.0707 1.0578 1.0637 1.0526
        1.0301 1.0426 1.0591 1.0513 1.0190 1.0169 1.0090 1.0083 1.0531 1.0378 1.0345 1.0321
        0.9553 0.9491 0.9426 0.9320 0.9355 0.9381 0.9478 0.9422 0.9326 0.9427 0.9547 0.9598
   1   3
   2020 1.0000 1.0000 1.0000 1.0000 1.0000 1.0000 1.0000 1.0000 1.0000 0.9604 0.9589 0.9607
        1.0000 1.0000 1.0000 1.0000 1.0000 1.0000 1.0000 1.0000 1.0000 0.9604 0.9589 0.9607
        1.0000 1.0000 1.0000 1.0000 1.0000 1.0000 1.0000 1.0000 1.0000 1.0404 1.0388 1.0408
   2021 0.9580 0.9594 1.0210 1.0222 1.0207 1.0201 1.0199 1.0199 1.0215 1.0227 1.0229 1.0210
        0.9580 0.9594 1.0210 1.0222 1.0207 1.0201 1.0199 1.0199 1.0215 1.0227 1.0229 1.0210
        1.0379 1.0394 0.9766 0.9778 0.9763 0.9758 0.9756 0.9756 0.9771 0.9782 0.9784 0.9766
   2022 1.0226 1.0217 1.1398 1.1483 1.1264 1.1281 1.1320 1.1209 1.1374 1.1464 1.1474 1.1398
        1.0226 1.0217 1.1398 1.1483 1.1264 1.1281 1.1320 1.1209 1.1374 1.1464 1.1474 1.1398
        0.9781 0.9773 0.8548 0.8613 0.8448 0.8461 0.8490 0.8407 0.8531 0.8598 0.8606 0.8548
   2023 1.1398 1.1453 1.1341 1.1538 1.1264 1.1281 1.1320 1.1209 1.1429 1.1411 1.1474 1.1512
        1.1398 1.1453 1.1341 1.1538 1.1264 1.1281 1.1320 1.1209 1.1429 1.1411 1.1474 1.1512
        0.8548 0.8590 0.8506 0.8654 0.8448 0.8461 0.8490 0.8407 0.8571 0.8558 0.8606 0.8634
   2024 1.1398 1.1433 1.1512 1.1321 1.1320 1.1339 1.1209 1.1264 1.1374 1.1307 1.1474 1.1455
        1.1398 1.1433 1.1512 1.1321 1.1320 1.1339 1.1209 1.1264 1.1374 1.1307 1.1474 1.1455
        0.8548 0.8575 0.8634 0.8490 0.8490 0.8504 0.8407 0.8448 0.8531 0.8480 0.8606 0.8591
   3   1
   2020 1.0000 1.0000 1.0000 1.0000 1.0000 1.0000 1.0000 1.0000 1.0000 1.0000 1.0000 1.0000
        1.0000 1.0000 1.0000 1.0000 1.0000 1.0000 1.0000 1.0000 1.0000 1.0000 1.0000 1.0000
        1.0000 1.0000 1.0000 1.0000 1.0000 1.0000 1.0000 1.0000 1.0000 1.0000 1.0000 1.0000
   2021 1.0000 1.0000 1.0000 1.0000 1.0000 1.0000 1.0000 1.0000 1.0000 1.0000 1.0000 1.0000
        1.0000 1.0000 1.0000 1.0000 1.0000 1.0000 1.0000 1.0000 1.0000 1.0000 1.0000 1.0000
        1.0000 1.0000 1.0000 1.0000 1.0000 1.0000 1.0000 1.0000 1.0000 1.0000 1.0000 1.0000
   2022 1.0000 1.0000 1.0000 1.0000 1.0000 1.0000 1.0000 1.0000 1.0000 1.0000 1.0000 1.0000
        1.0000 1.0000 1.0000 1.0000 1.0000 1.0000 1.0000 1.0000 1.0000 1.0000 1.0000 1.0000
        1.0000 1.0000 1.0000 1.0000 1.0000 1.0000 1.0000 1.0000 1.0000 1.0000 1.0000 1.0000
   2023 1.0000 1.0000 1.0000 1.0000 1.0000 1.0000 1.0000 1.0000 1.0000 1.0000 1.0000 1.0000
        1.0000 1.0000 1.0000 1.0000 1.0000 1.0000 1.0000 1.0000 1.0000 1.0000 1.0000 1.0000
        1.0000 1.0000 1.0000 1.0000 1.0000 1.0000 1.0000 1.0000 1.0000 1.0000 1.0000 1.0000
   2024 1.0000 1.0000 1.0000 1.0000 1.0000 1.0000 1.0000 1.0000 1.0000 1.0000 1.0000 1.0000
        1.0000 1.0000 1.0000 1.0000 1.0000 1.0000 1.0000 1.0000 1.0000 1.0000 1.0000 1.0000
        1.0000 1.0000 1.0000 1.0000 1.0000 1.0000 1.0000 1.0000 1.0000 1.0000 1.0000 1.0000
   1   4
   2020 1.0000 1.0000 1.0000 1.0000 1.0000 1.0000 1.0000 1.0000 1.0000 1.0000 1.0000 1.0000
        1.0000 1.0000 1.0000 1.0000 1.0000 1.0000 1.0000 1.0000 1.0000 1.0000 1.0000 1.0000
        1.0000 1.0000 1.0000 1.0000 1.0000 1.0000 1.0000 1.0000 1.0000 1.0000 1.0000 1.0000
   2021 1.0000 1.0000 1.0000 1.0000 1.0000 1.0000 1.0000 1.0000 1.0000 1.0000 1.0000 1.0000
        1.0000 1.0000 1.0000 1.0000 1.0000 1.0000 1.0000 1.0000 1.0000 1.0000 1.0000 1.0000
        1.0000 1.0000 1.0000 1.0000 1.0000 1.0000 1.0000 1.0000 1.0000 1.0000 1.0000 1.0000
   2022 1.0000 1.0000 1.0000 1.0000 1.0000 1.0000 1.0000 1.0000 1.0000 1.0000 1.0000 1.0000
        1.0000 1.0000 1.0000 1.0000 1.0000 1.0000 1.0000 1.0000 1.0000 1.0000 1.0000 1.0000
        1.0000 1.0000 1.0000 1.0000 1.0000 1.0000 1.0000 1.0000 1.0000 1.0000 1.0000 1.0000
   2023 1.0000 1.0000 1.0230 1.0261 1.0218 1.0221 1.0227 1.0210 1.0244 1.0241 1.0251 1.0257
        1.0000 1.0000 1.0230 1.0261 1.0218 1.0221 1.0227 1.0210 1.0244 1.0241 1.0251 1.0257
        1.0000 1.0000 0.9743 0.9772 0.9732 0.9734 0.9740 0.9724 0.9756 0.9754 0.9763 0.9768
   2024 1.0239 1.0245 1.0257 1.0227 1.0227 1.0230 1.0210 1.0218 1.0236 1.0225 1.0251 1.0248
        1.0239 1.0245 1.0257 1.0227 1.0227 1.0230 1.0210 1.0218 1.0236 1.0225 1.0251 1.0248
        0.9752 0.9757 0.9768 0.9740 0.9740 0.9743 0.9724 0.9732 0.9748 0.9738 0.9763 0.9760
   4   1
   2020 1.0000 1.0000 1.0000 1.0000 1.0000 1.0000 1.0000 1.0000 1.0000 1.0000 1.0000 1.0000
        1.0000 1.0000 1.0000 1.0000 1.0000 1.0000 1.0000 1.0000 1.0000 1.0000 1.0000 1.0000
        1.0000 1.0000 1.0000 1.0000 1.0000 1.0000 1.0000 1.0000 1.0000 1.0000 1.0000 1.0000
   2021 1.0000 1.0000 1.0000 1.0000 1.0000 1.0000 1.0000 1.0000 1.0000 1.0000 1.0000 1.0000
        1.0000 1.0000 1.0000 1.0000 1.0000 1.0000 1.0000 1.0000 1.0000 1.0000 1.0000 1.0000
        1.0000 1.0000 1.0000 1.0000 1.0000 1.0000 1.0000 1.0000 1.0000 1.0000 1.0000 1.0000
   2022 1.0000 1.0000 1.0000 1.0000 1.0000 1.0000 1.0000 1.0000 1.0000 1.0000 1.0000 1.0000
        1.0000 1.0000 1.0000 1.0000 1.0000 1.0000 1.0000 1.0000 1.0000 1.0000 1.0000 1.0000
        1.0000 1.0000 1.0000 1.0000 1.0000 1.0000 1.0000 1.0000 1.0000 1.0000 1.0000 1.0000
   2023 1.0000 1.0000 1.0000 1.0000 1.0000 1.0000 1.0000 1.0000 1.0000 1.0000 1.0000 1.0000
        1.0000 1.0000 1.0000 1.0000 1.0000 1.0000 1.0000 1.0000 1.0000 1.0000 1.0000 1.0000
        1.0000 1.0000 1.0000 1.0000 1.0000 1.0000 1.0000 1.0000 1.0000 1.0000 1.0000 1.0000
   2024 1.0000 1.0000 1.0000 1.0000 1.0000 1.0000 1.0000 1.0000 1.0000 1.0000 1.0000 1.0000
        1.0000 1.0000 1.0000 1.0000 1.0000 1.0000 1.0000 1.0000 1.0000 1.0000 1.0000 1.0000
        1.0000 1.0000 1.0000 1.0000 1.0000 1.0000 1.0000 1.0000 1.0000 1.0000 1.0000 1.0000
9999
 SBM  BLOCO
 XXX XXX
    ANO                 BLOCO DE USINAS NAO SIMULADAS (P.U. MONTANTE MED.)
   XXXX X.XXXX X.XXXX X.XXXX X.XXXX X.XXXX X.XXXX X.XXXX X.XXXX X.XXXX X.XXXX X.XXXX X.XXXX
   1  1
   2020 1.0000 1.0000 1.0000 1.0000 1.0000 1.0000 1.0000 1.0222 1.0150 1.0108 1.0021 0.9966
        1.0000 1.0000 1.0000 1.0000 1.0000 1.0000 1.0000 1.0045 1.0192 1.0193 1.0218 1.0087
        1.0000 1.0000 1.0000 1.0000 1.0000 1.0000 1.0000 0.9820 0.9820 0.9851 0.9879 0.9968
   2021 1.0019 1.0005 0.9981 1.0080 1.0113 1.0152 1.0213 1.0215 1.0151 1.0113 1.0021 0.9965
        1.0118 1.0108 1.0073 1.0081 1.0033 1.0059 1.0056 1.0038 1.0191 1.0197 1.0218 1.0086
        0.9934 0.9941 0.9967 0.9919 0.9904 0.9858 0.9807 0.9813 0.9820 0.9855 0.9879 0.9967
   2022 1.0018 1.0003 0.9982 1.0083 1.0110 1.0152 1.0220 1.0208 1.0151 1.0115 1.0023 0.9968
        1.0116 1.0106 1.0074 1.0084 1.0029 1.0059 1.0063 1.0031 1.0190 1.0197 1.0217 1.0087
        0.9932 0.9939 0.9967 0.9922 0.9901 0.9858 0.9814 0.9807 0.9820 0.9855 0.9878 0.9967
   2023 1.0017 1.0006 0.9983 1.0086 1.0109 1.0152 1.0219 1.0208 1.0157 1.0110 1.0024 0.9970
        1.0113 1.0108 1.0073 1.0086 1.0029 1.0059 1.0063 1.0031 1.0196 1.0192 1.0217 1.0089
        0.9929 0.9941 0.9966 0.9925 0.9901 0.9858 0.9814 0.9807 0.9826 0.9850 0.9878 0.9969
   2024 1.0017 1.0006 0.9986 1.0075 1.0113 1.0157 1.0205 1.0215 1.0151 1.0102 1.0025 0.9970
        1.0113 1.0107 1.0076 1.0075 1.0032 1.0064 1.0049 1.0038 1.0190 1.0183 1.0217 1.0088
        0.9929 0.9940 0.9968 0.9914 0.9905 0.9863 0.9801 0.9814 0.9820 0.9842 0.9878 0.9967
   1  2
   2020 1.0000 1.0000 1.0000 1.0000 1.0000 1.0000 1.0000 0.9832 0.9753 0.9775 0.9755 0.9988
        1.0000 1.0000 1.0000 1.0000 1.0000 1.0000 1.0000 1.0015 1.0000 0.9989 0.9958 1.0018
        1.0000 1.0000 1.0000 1.0000 1.0000 1.0000 1.0000 1.0115 1.0149 1.0134 1.0128 0.9996
   2021 0.9596 0.9802 0.9832 0.9793 0.9902 0.9824 0.9880 0.9837 0.9753 0.9769 0.9753 0.9985
        0.9873 0.9966 1.0054 1.0053 1.0013 1.0021 1.0016 1.0020 1.0000 0.9983 0.9958 1.0019
        1.0228 1.0106 1.0056 1.0091 1.0066 1.0127 1.0088 1.0120 1.0149 1.0129 1.0128 0.9997
   2022 0.9602 0.9797 0.9828 0.9787 0.9903 0.9824 0.9876 0.9841 0.9752 0.9768 0.9753 0.9985
        0.9882 0.9971 1.0052 1.0049 1.0016 1.0020 1.0012 1.0025 1.0000 0.9983 0.9958 1.0019
        1.0239 1.0116 1.0054 1.0088 1.0069 1.0127 1.0085 1.0125 1.0150 1.0129 1.0128 0.9997
   2023 0.9610 0.9791 0.9830 0.9783 0.9903 0.9824 0.9876 0.9841 0.9745 0.9772 0.9753 0.9985
        0.9891 0.9966 1.0056 1.0045 1.0016 1.0020 1.0012 1.0025 0.9994 0.9989 0.9958 1.0019
        1.0248 1.0111 1.0056 1.0083 1.0069 1.0127 1.0085 1.0125 1.0144 1.0135 1.0128 0.9997
   2024 0.9610 0.9791 0.9823 0.9800 0.9901 0.9819 0.9883 0.9836 0.9751 0.9783 0.9753 0.9985
        0.9891 0.9967 1.0048 1.0062 1.0013 1.0015 1.0019 1.0020 1.0000 0.9999 0.9958 1.0019
        1.0249 1.0113 1.0049 1.0101 1.0067 1.0122 1.0092 1.0121 1.0150 1.0146 1.0128 0.9997
   1  3
   2020 1.0000 1.0000 1.0000 1.0000 1.0000 1.0000 1.0000 1.1378 1.1418 1.1366 1.0049 1.1109
        1.0000 1.0000 1.0000 1.0000 1.0000 1.0000 1.0000 0.9379 1.0749 1.0447 1.0139 1.1300
        1.0000 1.0000 1.0000 1.0000 1.0000 1.0000 1.0000 0.9259 0.8795 0.9019 0.9908 0.8742
   2021 1.1256 1.1675 1.2862 1.2644 1.0969 1.2319 1.0619 1.1339 1.1418 1.1407 1.0049 1.1062
        1.0925 1.0522 1.0052 1.0290 0.9390 0.9586 1.0099 0.9347 1.0749 1.0485 1.0139 1.1252
        0.9029 0.8979 0.8473 0.8402 0.9551 0.8392 0.9468 0.9227 0.8795 0.9051 0.9908 0.8705
   2022 1.1215 1.1625 1.2937 1.2725 1.0944 1.2319 1.0640 1.1300 1.1418 1.1407 1.0049 1.1109
        1.0885 1.0477 1.0111 1.0357 0.9369 0.9586 1.0118 0.9315 1.0749 1.0485 1.0139 1.1300
        0.8997 0.8940 0.8522 0.8456 0.9530 0.8392 0.9486 0.9196 0.8795 0.9051 0.9908 0.8742
   2023 1.1174 1.1675 1.2862 1.2808 1.0944 1.2319 1.0640 1.1300 1.1466 1.1366 1.0049 1.1204
        1.0845 1.0522 1.0052 1.0424 0.9369 0.9586 1.0118 0.9315 1.0795 1.0447 1.0139 1.1397
        0.8964 0.8979 0.8473 0.8511 0.9530 0.8392 0.9486 0.9196 0.8832 0.9019 0.9908 0.8817
   2024 1.1174 1.1659 1.3089 1.2483 1.0969 1.2402 1.0598 1.1339 1.1418 1.1286 1.0049 1.1156
        1.0845 1.0508 1.0230 1.0160 0.9390 0.9651 1.0079 0.9347 1.0749 1.0374 1.0139 1.1348
        0.8964 0.8967 0.8622 0.8296 0.9551 0.8448 0.9449 0.9227 0.8795 0.8955 0.9908 0.8780
   1  4
   2020 1.0000 1.0000 1.0000 1.0000 1.0000 1.0000 1.0000 1.5062 1.7314 1.7427 2.2164 2.1977
        1.0000 1.0000 1.0000 1.0000 1.0000 1.0000 1.0000 0.9193 0.5939 0.6701 0.4974 0.4491
        1.0000 1.0000 1.0000 1.0000 1.0000 1.0000 1.0000 0.6662 0.7476 0.7249 0.7321 0.7287
   2021 2.5004 2.4061 2.2247 1.8492 1.5030 1.4796 1.5281 1.4856 1.7314 1.7668 2.2164 2.1677
        0.5343 0.4257 0.4374 0.6342 0.8933 0.8121 0.8882 0.9067 0.5939 0.6793 0.4974 0.4430
        0.6158 0.6747 0.6923 0.6908 0.6793 0.7114 0.6315 0.6571 0.7476 0.7349 0.7321 0.7188
   2022 2.4533 2.3628 2.2583 1.8801 1.4840 1.4809 1.5518 1.4659 1.7324 1.7676 2.2170 2.1986
        0.5229 0.4177 0.4443 0.6434 0.8794 0.8100 0.9013 0.8941 0.5945 0.6783 0.4971 0.4493
        0.6040 0.6619 0.7022 0.7019 0.6703 0.7114 0.6405 0.6479 0.7468 0.7348 0.7320 0.7282
   2023 2.4068 2.4074 2.2253 1.9113 1.4842 1.4811 1.5519 1.4659 1.7558 1.7438 2.2171 2.2618
        0.5127 0.4255 0.4378 0.6538 0.8790 0.8096 0.9013 0.8941 0.6026 0.6689 0.4970 0.4623
        0.5925 0.6742 0.6918 0.7135 0.6703 0.7113 0.6404 0.6478 0.7567 0.7248 0.7320 0.7489
   2024 2.4068 2.3934 2.3283 1.7931 1.5043 1.5006 1.5065 1.4861 1.7325 1.6979 2.2171 2.2300
        0.5127 0.4230 0.4581 0.6134 0.8909 0.8203 0.8749 0.9064 0.5946 0.6513 0.4970 0.4558
        0.5925 0.6703 0.7238 0.6693 0.6794 0.7207 0.6217 0.6568 0.7466 0.7058 0.7320 0.7384
   2  1
   2020 1.0000 1.0000 1.0000 1.0000 1.0000 1.0000 1.0000 1.0064 0.9927 1.0038 0.9743 0.9688
        1.0000 1.0000 1.0000 1.0000 1.0000 1.0000 1.0000 1.0096 1.0245 1.0139 1.0072 1.0110
        1.0000 1.0000 1.0000 1.0000 1.0000 1.0000 1.0000 0.9914 0.9930 0.9916 1.0074 1.0089
   2021 0.9840 0.9964 0.9783 1.0108 1.0073 1.0062 1.0049 1.0068 0.9932 1.0045 0.9750 0.9707
        1.0103 1.0223 1.0171 1.0192 1.0067 1.0041 1.0066 1.0091 1.0238 1.0142 1.0072 1.0112
        1.0015 0.9899 1.0012 0.9855 0.9919 0.9934 0.9932 0.9906 0.9930 0.9915 1.0071 1.0087
   2022 0.9848 0.9964 0.9792 1.0113 1.0072 1.0064 1.0054 1.0069 0.9935 1.0048 0.9754 0.9710
        1.0103 1.0214 1.0165 1.0190 1.0062 1.0039 1.0066 1.0087 1.0235 1.0143 1.0072 1.0107
        1.0013 0.9897 1.0008 0.9862 0.9916 0.9934 0.9933 0.9900 0.9930 0.9913 1.0070 1.0080
   2023 0.9851 0.9969 0.9796 1.0118 1.0073 1.0065 1.0056 1.0072 0.9938 1.0048 0.9756 0.9706
        1.0104 1.0216 1.0165 1.0193 1.0062 1.0039 1.0064 1.0086 1.0233 1.0140 1.0071 1.0099
        1.0014 0.9901 1.0009 0.9866 0.9916 0.9934 0.9933 0.9899 0.9931 0.9909 1.0069 1.0071
   2024 0.9854 0.9969 0.9796 1.0100 1.0076 1.0068 1.0052 1.0076 0.9937 1.0043 0.9757 0.9714
        1.0103 1.0213 1.0160 1.0172 1.0064 1.0040 1.0059 1.0089 1.0231 1.0135 1.0071 1.0103
        1.0013 0.9900 1.0004 0.9850 0.9918 0.9936 0.9928 0.9901 0.9930 0.9904 1.0068 1.0074
   2  2
   2020 1.0000 1.0000 1.0000 1.0000 1.0000 1.0000 1.0000 0.9888 0.9807 0.9809 0.9819 0.9940
        1.0000 1.0000 1.0000 1.0000 1.0000 1.0000 1.0000 0.9985 1.0029 1.0046 0.9936 0.9988
        1.0000 1.0000 1.0000 1.0000 1.0000 1.0000 1.0000 1.0087 1.0103 1.0088 1.0111 1.0035
   2021 0.9878 0.9789 0.9979 0.9851 0.9913 0.9934 1.0011 0.9891 0.9807 0.9805 0.9818 0.9942
        0.9993 0.9992 1.0063 1.0109 0.9951 1.0020 1.0003 0.9989 1.0029 1.0042 0.9936 0.9990
        1.0053 1.0098 0.9974 1.0034 1.0084 1.0042 0.9990 1.0091 1.0103 1.0084 1.0111 1.0036
   2022 0.9881 0.9793 0.9980 0.9848 0.9916 0.9934 1.0012 0.9894 0.9807 0.9805 0.9818 0.9940
        0.9995 0.9997 1.0063 1.0107 0.9954 1.0020 1.0003 0.9992 1.0029 1.0042 0.9936 0.9988
        1.0056 1.0103 0.9974 1.0032 1.0087 1.0042 0.9990 1.0094 1.0103 1.0084 1.0111 1.0035
   2023 0.9883 0.9789 0.9979 0.9846 0.9916 0.9934 1.0012 0.9894 0.9802 0.9809 0.9818 0.9938
        0.9997 0.9992 1.0063 1.0104 0.9954 1.0020 1.0003 0.9992 1.0025 1.0046 0.9936 0.9986
        1.0058 1.0098 0.9974 1.0030 1.0087 1.0042 0.9990 1.0094 1.0099 1.0088 1.0111 1.0032
   2024 0.9883 0.9790 0.9981 0.9855 0.9913 0.9932 1.0011 0.9891 0.9807 0.9817 0.9818 0.9939
        0.9997 0.9994 1.0065 1.0114 0.9951 1.0018 1.0002 0.9989 1.0029 1.0054 0.9936 0.9987
        1.0058 1.0100 0.9976 1.0039 1.0084 1.0041 0.9990 1.0091 1.0103 1.0096 1.0111 1.0034
   2  3
   2020 1.0000 1.0000 1.0000 1.0000 1.0000 1.0000 1.0000 0.9116 0.9467 1.0131 0.9990 0.9669
        1.0000 1.0000 1.0000 1.0000 1.0000 1.0000 1.0000 1.0140 1.0416 1.0357 1.0846 1.0675
        1.0000 1.0000 1.0000 1.0000 1.0000 1.0000 1.0000 1.0583 1.0128 0.9764 0.9570 0.9784
   2021 0.9331 0.9263 0.9797 1.0276 0.9820 0.9562 0.9489 0.9138 0.9467 1.0138 0.9990 0.9665
        1.0506 1.0982 1.0460 1.0836 1.0283 1.0451 1.0310 1.0165 1.0416 1.0364 1.0846 1.0670
        1.0024 0.9813 0.9834 0.9475 1.0012 1.0143 1.0269 1.0609 1.0128 0.9771 0.9570 0.9779
   2022 0.9335 0.9261 0.9800 1.0291 0.9823 0.9562 0.9477 0.9161 0.9467 1.0138 0.9990 0.9669
        1.0511 1.0980 1.0465 1.0852 1.0286 1.0451 1.0297 1.0190 1.0416 1.0364 1.0846 1.0675
        1.0028 0.9811 0.9838 0.9489 1.0015 1.0143 1.0256 1.0635 1.0128 0.9771 0.9570 0.9784
   2023 0.9339 0.9263 0.9797 1.0307 0.9823 0.9562 0.9477 0.9161 0.9459 1.0131 0.9990 0.9679
        1.0515 1.0982 1.0460 1.0868 1.0286 1.0451 1.0297 1.0190 1.0407 1.0357 1.0846 1.0685
        1.0032 0.9813 0.9834 0.9503 1.0015 1.0143 1.0256 1.0635 1.0120 0.9764 0.9570 0.9793
   2024 0.9339 0.9263 0.9808 1.0245 0.9820 0.9553 0.9501 0.9138 0.9467 1.0118 0.9990 0.9674
        1.0515 1.0981 1.0472 1.0804 1.0283 1.0442 1.0323 1.0165 1.0416 1.0343 1.0846 1.0680
        1.0032 0.9812 0.9845 0.9447 1.0012 1.0134 1.0282 1.0609 1.0128 0.9752 0.9570 0.9789
   2  4
   2020 1.0000 1.0000 1.0000 1.0000 1.0000 1.0000 1.0000 1.7224 1.9285 1.9226 2.4274 2.4947
        1.0000 1.0000 1.0000 1.0000 1.0000 1.0000 1.0000 0.6121 0.5275 0.5110 0.3749 0.3671
        1.0000 1.0000 1.0000 1.0000 1.0000 1.0000 1.0000 0.6375 0.6595 0.6940 0.7038 0.6311
   2021 2.7034 2.6004 2.3291 1.9236 1.6569 1.6519 1.6266 1.6929 1.9285 1.9541 2.4274 2.4502
        0.3541 0.3722 0.4242 0.5276 0.6310 0.5399 0.4931 0.6016 0.5275 0.5193 0.3749 0.3606
        0.6216 0.6161 0.6456 0.6968 0.6771 0.6960 0.7263 0.6266 0.6595 0.7053 0.7038 0.6198
   2022 2.6491 2.5449 2.3681 1.9561 1.6313 1.6519 1.6500 1.6642 1.9285 1.9541 2.4274 2.4947
        0.3470 0.3643 0.4313 0.5365 0.6212 0.5399 0.5002 0.5915 0.5275 0.5193 0.3749 0.3671
        0.6091 0.6030 0.6564 0.7085 0.6666 0.6960 0.7368 0.6160 0.6595 0.7053 0.7038 0.6311
   2023 2.5965 2.6004 2.3291 1.9896 1.6313 1.6519 1.6500 1.6642 1.9624 1.9226 2.4274 2.5893
        0.3401 0.3722 0.4242 0.5457 0.6212 0.5399 0.5002 0.5915 0.5368 0.5110 0.3749 0.3811
        0.5970 0.6161 0.6456 0.7207 0.6666 0.6960 0.7368 0.6160 0.6711 0.6940 0.7038 0.6550
   2024 2.5965 2.5829 2.4509 1.8619 1.6569 1.6783 1.6038 1.6929 1.9285 1.8631 2.4274 2.5414
        0.3401 0.3697 0.4464 0.5107 0.6310 0.5486 0.4862 0.6016 0.5275 0.4952 0.3749 0.3740
        0.5970 0.6120 0.6794 0.6744 0.6771 0.7071 0.7161 0.6266 0.6595 0.6725 0.7038 0.6429
   3  1
   2020 1.0000 1.0000 1.0000 1.0000 1.0000 1.0000 1.0000 1.0294 1.0403 1.0411 1.0259 1.0291
        1.0000 1.0000 1.0000 1.0000 1.0000 1.0000 1.0000 0.9940 0.9846 0.9969 1.0098 1.0203
        1.0000 1.0000 1.0000 1.0000 1.0000 1.0000 1.0000 0.9811 0.9829 0.9779 0.9838 0.9747
   2021 1.0025 1.0227 1.0222 1.0364 1.0292 1.0264 1.0250 1.0286 1.0403 1.0421 1.0250 1.0271
        1.0340 1.0144 1.0074 0.9953 0.9882 0.9913 0.9923 0.9932 0.9846 0.9978 1.0095 1.0191
        0.9822 0.9823 0.9840 0.9819 0.9837 0.9834 0.9836 0.9804 0.9829 0.9788 0.9843 0.9745
   2022 1.0005 1.0203 1.0201 1.0334 1.0262 1.0240 1.0231 1.0253 1.0365 1.0374 1.0236 1.0262
        1.0324 1.0131 1.0075 0.9963 0.9879 0.9917 0.9935 0.9927 0.9855 0.9982 1.0089 1.0195
        0.9828 0.9827 0.9861 0.9845 0.9846 0.9851 0.9859 0.9816 0.9847 0.9811 0.9852 0.9765
   2023 1.0000 1.0210 1.0196 1.0342 1.0262 1.0240 1.0231 1.0253 1.0373 1.0366 1.0236 1.0279
        1.0318 1.0138 1.0070 0.9970 0.9879 0.9917 0.9935 0.9927 0.9862 0.9973 1.0089 1.0212
        0.9823 0.9834 0.9856 0.9852 0.9846 0.9851 0.9859 0.9816 0.9854 0.9803 0.9852 0.9781
   2024 1.0000 1.0208 1.0211 1.0312 1.0268 1.0247 1.0219 1.0260 1.0365 1.0349 1.0236 1.0243
        1.0318 1.0136 1.0086 0.9942 0.9886 0.9923 0.9923 0.9935 0.9855 0.9958 1.0089 1.0195
        0.9823 0.9832 0.9871 0.9824 0.9853 0.9857 0.9847 0.9823 0.9847 0.9787 0.9852 0.9790
   3  2
   2020 1.0000 1.0000 1.0000 1.0000 1.0000 1.0000 1.0000 0.9864 0.9846 0.9797 0.9765 0.9818
        1.0000 1.0000 1.0000 1.0000 1.0000 1.0000 1.0000 1.0007 1.0042 0.9986 0.9878 0.9945
        1.0000 1.0000 1.0000 1.0000 1.0000 1.0000 1.0000 1.0095 1.0073 1.0122 1.0164 1.0118
   2021 0.9813 0.9912 0.9811 0.9816 0.9721 0.9815 0.9755 0.9868 0.9846 0.9792 0.9765 0.9822
        0.9948 1.0009 0.9953 0.9947 0.9993 1.0034 0.9991 1.0011 1.0042 0.9981 0.9878 0.9950
        1.0102 1.0034 1.0127 1.0126 1.0206 1.0128 1.0198 1.0099 1.0073 1.0118 1.0164 1.0123
   2022 0.9817 0.9914 0.9806 0.9812 0.9729 0.9815 0.9747 0.9872 0.9846 0.9792 0.9765 0.9818
        0.9952 1.0011 0.9949 0.9942 1.0001 1.0034 0.9983 1.0015 1.0042 0.9981 0.9878 0.9945
        1.0106 1.0036 1.0122 1.0121 1.0214 1.0128 1.0190 1.0103 1.0073 1.0118 1.0164 1.0118
   2023 0.9821 0.9912 0.9811 0.9807 0.9729 0.9815 0.9747 0.9872 0.9843 0.9797 0.9765 0.9809
        0.9956 1.0009 0.9953 0.9937 1.0001 1.0034 0.9983 1.0015 1.0038 0.9986 0.9878 0.9936
        1.0111 1.0034 1.0127 1.0116 1.0214 1.0128 1.0190 1.0103 1.0070 1.0122 1.0164 1.0109
   2024 0.9821 0.9913 0.9797 0.9826 0.9721 0.9810 0.9762 0.9868 0.9846 0.9806 0.9765 0.9814
        0.9956 1.0009 0.9940 0.9956 0.9993 1.0029 0.9998 1.0011 1.0042 0.9995 0.9878 0.9941
        1.0111 1.0035 1.0113 1.0136 1.0206 1.0122 1.0206 1.0099 1.0073 1.0132 1.0164 1.0114
   3  3
   2020 1.0000 1.0000 1.0000 1.0000 1.0000 1.0000 1.0000 0.9507 0.8950 0.8923 0.8502 0.8617
        1.0000 1.0000 1.0000 1.0000 1.0000 1.0000 1.0000 1.0668 1.0928 1.1003 1.0917 1.0800
        1.0000 1.0000 1.0000 1.0000 1.0000 1.0000 1.0000 1.0079 1.0202 1.0162 1.0177 1.0222
   2021 0.8570 0.8516 0.8083 0.8044 0.8576 0.9298 0.9463 0.9522 0.8959 0.8918 0.8513 0.8635
        1.0708 1.0562 1.1323 1.1053 1.0793 1.0563 1.0571 1.0673 1.0925 1.0984 1.0914 1.0813
        1.0236 1.0367 1.0220 1.0619 1.0703 1.0299 1.0175 1.0084 1.0198 1.0145 1.0174 1.0233
   2022 0.8594 0.8547 0.8082 0.8025 0.8610 0.9301 0.9456 0.9532 0.8962 0.8920 0.8515 0.8626
        1.0724 1.0585 1.1304 1.1014 1.0828 1.0561 1.0557 1.0680 1.0924 1.0983 1.0914 1.0799
        1.0245 1.0380 1.0200 1.0578 1.0737 1.0297 1.0162 1.0091 1.0196 1.0144 1.0173 1.0219
   2023 0.8611 0.8537 0.8100 0.8003 0.8612 0.9303 0.9458 0.9534 0.8951 0.8935 0.8519 0.8605
        1.0740 1.0564 1.1320 1.0977 1.0826 1.0559 1.0556 1.0679 1.0907 1.0998 1.0913 1.0770
        1.0258 1.0356 1.0213 1.0539 1.0735 1.0296 1.0162 1.0090 1.0180 1.0158 1.0172 1.0191
   2024 0.8614 0.8548 0.8068 0.8117 0.8585 0.9290 0.9480 0.9528 0.8967 0.8962 0.8522 0.8619
        1.0741 1.0571 1.1268 1.1128 1.0789 1.0541 1.0578 1.0670 1.0922 1.1028 1.0912 1.0784
        1.0257 1.0360 1.0165 1.0683 1.0698 1.0279 1.0183 1.0081 1.0194 1.0186 1.0171 1.0203
   3  4
   2020 1.0000 1.0000 1.0000 1.0000 1.0000 1.0000 1.0000 1.4062 1.6264 1.6341 2.0642 2.1284
        1.0000 1.0000 1.0000 1.0000 1.0000 1.0000 1.0000 1.0748 0.6187 0.6457 0.5022 0.4771
        1.0000 1.0000 1.0000 1.0000 1.0000 1.0000 1.0000 0.6737 0.7995 0.7979 0.7955 0.7466
   2021 2.4799 2.4035 2.1052 1.7201 1.3889 1.3645 1.4255 1.3898 1.6272 1.6529 2.0652 2.1017
        0.5192 0.4937 0.4832 0.6705 1.0521 0.9559 1.0868 1.0608 0.6187 0.6527 0.5021 0.4708
        0.6316 0.6401 0.7277 0.7463 0.6958 0.7381 0.6258 0.6654 0.7989 0.8063 0.7951 0.7369
   2022 2.4338 2.3568 2.1333 1.7434 1.3732 1.3650 1.4455 1.3733 1.6278 1.6535 2.0666 2.1298
        0.5091 0.4838 0.4897 0.6794 1.0395 0.9556 1.1008 1.0473 0.6187 0.6526 0.5020 0.4766
        0.6199 0.6277 0.7372 0.7564 0.6878 0.7379 0.6344 0.6573 0.7986 0.8060 0.7946 0.7461
   2023 2.3888 2.4038 2.1055 1.7673 1.3733 1.3651 1.4456 1.3735 1.6462 1.6357 2.0671 2.1873
        0.4996 0.4934 0.4834 0.6887 1.0393 0.9554 1.1005 1.0471 0.6256 0.6455 0.5019 0.4893
        0.6085 0.6402 0.7275 0.7668 0.6878 0.7379 0.6344 0.6572 0.8074 0.7971 0.7944 0.7661
   2024 2.3888 2.3890 2.1919 1.6755 1.3893 1.3800 1.4070 1.3904 1.6280 1.6011 2.0671 2.1585
        0.4996 0.4904 0.5032 0.6530 1.0514 0.9658 1.0711 1.0599 0.6187 0.6318 0.5019 0.4829
        0.6085 0.6362 0.7573 0.7270 0.6958 0.7459 0.6174 0.6653 0.7985 0.7802 0.7944 0.7560
   4  1
   2020 1.0000 1.0000 1.0000 1.0000 1.0000 1.0000 1.0000 0.9779 0.9787 0.9701 0.9809 0.9902
        1.0000 1.0000 1.0000 1.0000 1.0000 1.0000 1.0000 1.0096 1.0105 1.0129 1.0011 1.0037
        1.0000 1.0000 1.0000 1.0000 1.0000 1.0000 1.0000 1.0120 1.0080 1.0113 1.0077 1.0027
   2021 0.9941 0.9955 0.9826 0.9936 0.9831 0.9743 0.9751 0.9789 0.9787 0.9695 0.9809 0.9903
        0.9960 1.0056 1.0074 1.0005 0.9975 1.0036 1.0025 1.0099 1.0105 1.0123 1.0011 1.0038
        1.0044 0.9990 1.0048 1.0034 1.0133 1.0182 1.0186 1.0124 1.0080 1.0107 1.0077 1.0028
   2022 0.9943 0.9955 0.9824 0.9934 0.9836 0.9743 0.9744 0.9794 0.9787 0.9695 0.9809 0.9902
        0.9962 1.0056 1.0071 1.0003 0.9980 1.0036 1.0018 1.0105 1.0105 1.0123 1.0011 1.0037
        1.0046 0.9990 1.0045 1.0032 1.0138 1.0182 1.0179 1.0129 1.0080 1.0107 1.0077 1.0027
   2023 0.9944 0.9955 0.9826 0.9933 0.9836 0.9743 0.9744 0.9794 0.9783 0.9701 0.9809 0.9900
        0.9963 1.0056 1.0074 1.0002 0.9980 1.0036 1.0018 1.0105 1.0100 1.0129 1.0011 1.0034
        1.0047 0.9990 1.0048 1.0031 1.0138 1.0182 1.0179 1.0129 1.0076 1.0113 1.0077 1.0024
   2024 0.9944 0.9955 0.9819 0.9939 0.9831 0.9736 0.9758 0.9789 0.9787 0.9711 0.9809 0.9901
        0.9963 1.0056 1.0067 1.0008 0.9975 1.0028 1.0032 1.0099 1.0105 1.0140 1.0011 1.0036
        1.0047 0.9990 1.0041 1.0036 1.0133 1.0175 1.0194 1.0124 1.0080 1.0124 1.0077 1.0025
   4  2
   2020 1.0000 1.0000 1.0000 1.0000 1.0000 1.0000 1.0000 0.9869 0.9846 0.9865 0.9945 0.9822
        1.0000 1.0000 1.0000 1.0000 1.0000 1.0000 1.0000 0.9984 1.0030 0.9985 0.9905 1.0008
        1.0000 1.0000 1.0000 1.0000 1.0000 1.0000 1.0000 1.0101 1.0079 1.0084 1.0072 1.0081
   2021 0.9687 0.9814 0.9971 0.9734 0.9901 0.9711 0.9754 0.9873 0.9846 0.9862 0.9945 0.9825
        0.9931 0.9872 0.9999 0.9994 1.0006 1.0008 1.0053 0.9988 1.0030 0.9982 0.9905 1.0011
        1.0162 1.0150 1.0016 1.0150 1.0069 1.0219 1.0171 1.0105 1.0079 1.0081 1.0072 1.0084
   2022 0.9693 0.9820 0.9970 0.9728 0.9904 0.9711 0.9747 0.9877 0.9846 0.9862 0.9945 0.9822
        0.9938 0.9878 0.9999 0.9988 1.0009 1.0008 1.0046 0.9992 1.0030 0.9982 0.9905 1.0008
        1.0169 1.0156 1.0015 1.0144 1.0072 1.0219 1.0164 1.0109 1.0079 1.0081 1.0072 1.0081
   2023 0.9700 0.9814 0.9971 0.9722 0.9904 0.9711 0.9747 0.9877 0.9843 0.9865 0.9945 0.9816
        0.9945 0.9872 0.9999 0.9982 1.0009 1.0008 1.0046 0.9992 1.0027 0.9985 0.9905 1.0002
        1.0176 1.0150 1.0016 1.0138 1.0072 1.0219 1.0164 1.0109 1.0075 1.0084 1.0072 1.0075
   2024 0.9700 0.9816 0.9969 0.9746 0.9901 0.9703 0.9761 0.9873 0.9846 0.9871 0.9945 0.9819
        0.9945 0.9874 0.9998 1.0007 1.0006 1.0000 1.0060 0.9988 1.0030 0.9991 0.9905 1.0005
        1.0176 1.0152 1.0014 1.0163 1.0069 1.0210 1.0178 1.0105 1.0079 1.0090 1.0072 1.0078
   4  3
   2020 1.0000 1.0000 1.0000 1.0000 1.0000 1.0000 1.0000 0.8823 0.9576 0.9833 0.9233 0.9300
        1.0000 1.0000 1.0000 1.0000 1.0000 1.0000 1.0000 1.0307 0.9972 1.0250 1.0339 1.0213
        1.0000 1.0000 1.0000 1.0000 1.0000 1.0000 1.0000 1.0727 1.0269 0.9983 1.0158 1.0219
   2021 1.0852 0.9634 1.0536 1.3620 1.1765 1.1204 0.9163 0.8850 0.9576 0.9832 0.9233 0.9309
        1.0493 1.1676 1.1504 0.9362 0.9954 1.0198 1.0165 1.0339 0.9972 1.0248 1.0339 1.0223
        0.9408 0.9283 0.8831 0.8272 0.8737 0.8987 1.0589 1.0760 1.0269 0.9981 1.0158 1.0229
   2022 1.0828 0.9613 1.0574 1.3726 1.1706 1.1204 0.9142 0.8878 0.9576 0.9832 0.9233 0.9300
        1.0469 1.1651 1.1546 0.9435 0.9904 1.0198 1.0141 1.0372 0.9972 1.0248 1.0339 1.0213
        0.9386 0.9263 0.8864 0.8337 0.8693 0.8987 1.0564 1.0795 1.0269 0.9981 1.0158 1.0219
   2023 1.0803 0.9634 1.0536 1.3834 1.1706 1.1204 0.9142 0.8878 0.9566 0.9833 0.9233 0.9282
        1.0445 1.1676 1.1504 0.9509 0.9904 1.0198 1.0141 1.0372 0.9962 1.0250 1.0339 1.0193
        0.9365 0.9283 0.8831 0.8402 0.8693 0.8987 1.0564 1.0795 1.0258 0.9983 1.0158 1.0199
   2024 1.0803 0.9627 1.0651 1.3412 1.1765 1.1247 0.9185 0.8850 0.9576 0.9836 0.9233 0.9291
        1.0445 1.1668 1.1630 0.9219 0.9954 1.0238 1.0189 1.0339 0.9972 1.0252 1.0339 1.0203
        0.9365 0.9277 0.8929 0.8146 0.8737 0.9022 1.0614 1.0760 1.0269 0.9985 1.0158 1.0209
   4  4
   2020 1.0000 1.0000 1.0000 1.0000 1.0000 1.0000 1.0000 1.0000 1.0000 1.0000 1.0000 1.0000
        1.0000 1.0000 1.0000 1.0000 1.0000 1.0000 1.0000 1.0000 1.0000 1.0000 1.0000 1.0000
        1.0000 1.0000 1.0000 1.0000 1.0000 1.0000 1.0000 1.0000 1.0000 1.0000 1.0000 1.0000
   2021 1.0000 1.0000 1.0000 1.0000 1.0000 1.0000 1.0000 1.0000 1.0000 1.0000 1.0000 1.0000
        1.0000 1.0000 1.0000 1.0000 1.0000 1.0000 1.0000 1.0000 1.0000 1.0000 1.0000 1.0000
        1.0000 1.0000 1.0000 1.0000 1.0000 1.0000 1.0000 1.0000 1.0000 1.0000 1.0000 1.0000
   2022 1.0000 1.0000 1.0000 1.0000 1.0000 1.0000 1.0000 1.0000 1.0000 1.0000 1.0000 1.0000
        1.0000 1.0000 1.0000 1.0000 1.0000 1.0000 1.0000 1.0000 1.0000 1.0000 1.0000 1.0000
        1.0000 1.0000 1.0000 1.0000 1.0000 1.0000 1.0000 1.0000 1.0000 1.0000 1.0000 1.0000
   2023 1.0000 1.0000 1.0000 1.0000 1.0000 1.0000 1.0000 1.0000 1.0000 1.0000 1.0000 1.0000
        1.0000 1.0000 1.0000 1.0000 1.0000 1.0000 1.0000 1.0000 1.0000 1.0000 1.0000 1.0000
        1.0000 1.0000 1.0000 1.0000 1.0000 1.0000 1.0000 1.0000 1.0000 1.0000 1.0000 1.0000
   2024 1.0000 1.0000 1.0000 1.0000 1.0000 1.0000 1.0000 1.0000 1.0000 1.0000 1.0000 1.0000
        1.0000 1.0000 1.0000 1.0000 1.0000 1.0000 1.0000 1.0000 1.0000 1.0000 1.0000 1.0000
        1.0000 1.0000 1.0000 1.0000 1.0000 1.0000 1.0000 1.0000 1.0000 1.0000 1.0000 1.0000
